    2543       256.23063
    2298       255.18203
    2290       255.14779
    2280       255.10499
    2274       255.07931
    2271       255.06647
    2267       255.04935
    2263       255.03223
    2255       254.99799
    2230       254.89099
    2200       254.76259
    2160       254.59139
    2129       254.45871
    2120       254.42019
    2115       254.39879
    2113       254.39023
    2109       254.37311
    2107       254.36455
    2104       254.35171
    2090       254.29179
    2080       254.24899
    2070       254.20619
    2050       254.12059
    2016       253.97507
    1990       253.86379
    1925       253.58559
    1785       252.98639
    1605       252.21600
    1515       251.83080
    1380       251.25300
    1280       250.82500
    1180       250.39700
    1065       249.90480
     980       219.79284
     905       165.42387
     855       127.10795
     755       55.766674
     705       28.073389
     655       13.521633
     605       4.8060932
     555       1.8701065
     515       1.1846279
     450       1.0260707
     350       1.1873235
     250       1.1422652
     150       1.0562522
     100       1.0257705
      50       1.0105012
       0       1.0012221
     -25       1.0000000
     -50       1.0000000
     -75       1.0000000
