    2543      115023.
    2298      69030.1
    2290      67815.4
    2280      66322.6
    2274      65440.7
    2271      65003.4
    2267      64424.5
    2263      63850.1
    2255      62714.9
    2230      59284.4
    2200      55402.0
    2160      50622.6
    2129      47230.9
    2120      46297.2
    2115      45788.5
    2113      45587.0
    2109      45187.4
    2107      44989.2
    2104      44694.2
    2090      43351.1
    2080      42425.9
    2070      41528.9                                        
    2050      39820.2
    2016      37175.9
    1990      35375.1
    1925      31712.3
    1785      27916.2
    1605      26965.2
    1515      26915.3
    1380      27332.4
    1280      28621.4
    1180      30784.4
    1065      36662.1
     980      45390.4
     905      57790.7
     855      69267.3
     755      96393.5
     705      116619.
     655      138955.
     605      152600.
     555      200516.
     515      265596.
     450      413826.                                   
     350      731929.
     250      984008.
     150  1.51825e+06
     100  1.93076e+06
      50  2.60469e+06
       0  3.82913e+06
     -25  5.05176e+06
     -50  7.07641e+06
     -75  9.43322e+06
