1  H   1.008  13.60
2  He  4.003  24.59 54.42
3  Li  6.941   5.39 75.64 122.45
4  Be  9.012   9.32 18.21 153.89
5  B  10.811   8.30 25.15 37.93
6  C  12.011  11.26 24.38 47.89
7  N  14.007  14.53 29.60 47.45
8  O  15.994  13.62 35.12 54.93
9  F  18.998  17.42 34.97 62.71
10 Ne 20.179  21.56 40.96 63.45
11 Na 22.990   5.14 47.29 71.64
12 Mg 24.305   7.64 15.03 80.14
13 Al 26.982   5.99 18.83 28.45
14 Si 28.086   8.15 16.34 33.49
15 P  30.974  10.48 19.72 30.18
16 S  32.06   10.36 23.33 34.83
17 Cl 35.45   12.97 23.80 39.61
18 Ar 39.95   15.76 27.62 40.74
19 K  39.10    4.34 31.63 45.72
20 Ca 40.08    6.11 11.87 50.91
21 Sc 44.96    6.54 12.80 24.76
22 Ti 47.90    6.82 13.57 27.49
23 V  50.941   6.74 14.65 29.31
24 Cr 51.996   6.76 16.49 30.96
25 Mn 54.938   7.43 15.64 33.67
26 Fe 55.847   7.87 16.16 30.65
27 Co 58.933   7.86 17.05 33.50
28 Ni 58.71    7.64 18.17 35.17
29 Cu 63.646   7.72 20.29 36.83
30 Zn 65.37    9.39 17.96 39.72
31 Ga 69.72    6.00 20.51 30.71
32 Ge 72.59    7.90 15.93 34.22
33 As 74.922   9.81 18.63 28.35
34 Se 78.96    9.75 21.19 30.82
35 Br 79.904  11.81 21.6  36.
36 Kr 83.80   14.00 24.36 36.95
37 Rb 85.468   4.18 27.28 40.
38 Sr 87.62    5.69 11.03 43.6
39 Y  88.906   6.38 12.24 20.52
40 Zr 91.22    6.84 13.13 22.99
41 Nb 92.906   6.88 14.32 25.04
42 Mo 95.94    7.10 16.15 27.16
43 Tc 98.906   7.28 15.26 29.54
44 Ru 101.07   7.37 16.76 28.47
45 Rh 102.905  7.46 18.07 31.06
46 Pd 106.4    8.33 19.43 32.92
47 Ag 107.868  7.57 21.49 34.83
48 Cd 112.40   8.99 16.90 37.48
49 In 114.82   5.79 18.87 28.03
50 Sn 118.69   7.34 14.63 30.50
51 Sb 121.75   8.64 16.53 25.3
52 Te 127.60   9.01 18.6  27.96
53 I  126.904 10.45 19.13 33.
54 Xe 131.30  12.13 21.21 32.1
55 Cs 132.905  3.89 25.1  35.
56 Ba 137.34   5.21 10.00
57 La 138.906  5.58 11.06 19.18
58 Ce 140.12   5.47 10.87 20.20
59 Pr 140.908  5.42 10.55 21.62
60 Nd 144.24   5.49 10.72
61 Pm 146.     5.55 10.90
62 Sm 150.4    5.63 11.07
63 Eu 151.96   5.67 11.25
64 Gd 157.25   6.14 12.1
65 Tb 158.925  5.85 11.52
66 Dy 162.50   5.93 11.67
67 Ho 164.930  6.02 11.80
68 Er 167.26   6.10 11.93
69 Tm 168.934  6.18 12.05 23.71
70 Yb 170.04   6.25 12.17 25.2
71 Lu 174.97   5.43 13.9  19.
72 Hf 178.49   7.0  14.9  23.3
73 Ta 180.948  7.89 16.   22.
74 W  183.85   7.98 18.   24.
75 Re 186.2    7.88 17.   26.
76 Os 190.2    8.7  17.   25.
77 Ir 192.2    9.1  17.   27.
78 Pt 195.09   9.0  18.56 28.
79 Au 196.967  9.22 20.5  30.
80 Hg 200.59  10.44 18.76 34.2
81 Tl 204.37   6.11 20.43 29.83
82 Pb 207.19   7.42 15.03 31.94
83 Bi 208.981  7.29 16.68 25.56
84 Po 210.     8.42 19.   27.
85 At 210.     9.3  20.   29.
86 Rn 222.    10.75 21.   29.
87 Fr 223.     4.   22.   33.
88 Ra 226.025  5.28 10.14 34.
89 Ac 227.     6.9  12.1  20.
90 Th 232.038  6.   11.5  20.0
91 Pa 230.040
92 U  238.029  6.
