1	 H             	1.008	13.59843401
2	 He           	4.003	24.58738794
2	 He+         	4.003	54.41776311
3	 Li           	6.941	5.391714761
3	 Li+         	6.941	75.6400937
3	 Li++        	6.941	122.4543538
4	 Be           	9.012	9.322699
4	 Be+         	9.012	18.211153
4	 Be++        	9.012	153.896198
5	 B            	10.811	8.298019
5	 B+          	10.811	25.15483
5	 B++         	10.811	37.93058
6	 C            	12.011	11.260296
6	 C+          	12.011	24.3845
6	 C++         	12.011	47.88778
7	 N            	14.007	14.53413
7	 N+          	14.007	29.60125
7	 N++         	14.007	47.4453
8	 O            	15.994	13.618054
8	 O+          	15.994	35.12111
8	 O++         	15.994	54.93554
9	 F            	18.998	17.42282
9	 F+          	18.998	34.97081
9	 F++         	18.998	62.708
10	 Ne           	20.179	21.56454
10	 Ne+         	20.179	40.96296
10	 Ne++        	20.179	63.42331
11	 Na           	22.99	5.1390767
11	 Na+         	22.99	47.28636
11	 Na++        	22.99	71.62
12	 Mg           	24.305	7.646235
12	 Mg+         	24.305	15.035267
12	 Mg++        	24.305	80.1436
13	 Al           	26.982	5.9857684
13	 Al+         	26.982	18.82855
13	 Al++        	26.982	28.44764
14	 Si           	28.086	8.151683
14	 Si+         	28.086	16.345845
14	 Si++        	28.086	33.493
15	 P            	30.974	10.486686
15	 P+          	30.974	19.76949
15	 P++         	30.974	30.20264
16	 S            	32.06	10.36001
16	 S+          	32.06	23.33788
16	 S++         	32.06	34.856
17	 Cl           	35.45	12.96763
17	 Cl+         	35.45	23.81364
17	 Cl++        	35.45	39.8
18	 Ar           	39.95	15.7596112
18	 Ar+         	39.95	27.62967
18	 Ar++        	39.95	40.735
19	 K            	39.1	4.34066354
19	 K+          	39.1	31.625
19	 K++         	39.1	45.8031
20	 Ca           	40.08	6.1131552
20	 Ca+         	40.08	11.871718
20	 Ca++        	40.08	50.91315
21	 Sc           	44.96	6.56149
21	 Sc+         	44.96	12.79977
21	 Sc++        	44.96	24.756838
22	 Ti           	47.9	6.82812
22	 Ti+         	47.9	13.5755
22	 Ti++        	47.9	27.49171
23	 V            	50.941	6.746187
23	 V+          	50.941	14.62
23	 V++         	50.941	29.311
24	 Cr           	51.996	6.76651
24	 Cr+         	51.996	16.4857
24	 Cr++        	51.996	30.96
25	 Mn           	54.938	7.434018
25	 Mn+         	54.938	15.63999
25	 Mn++        	54.938	33.668
26	 Fe           	55.847	7.9024678
26	 Fe+         	55.847	16.1992
26	 Fe++        	55.847	30.651
27	 Co           	58.933	7.88101
27	 Co+         	58.933	17.0844
27	 Co++        	58.933	33.5
28	 Ni           	58.71	7.639877
28	 Ni+         	58.71	18.168837
28	 Ni++        	58.71	35.19
29	 Cu           	63.646	7.72638
29	 Cu+         	63.646	20.29239
29	 Cu++        	63.646	36.841
30	 Zn           	65.37	9.394199
30	 Zn+         	65.37	17.96439
30	 Zn++        	65.37	39.723
31	 Ga           	69.72	5.9993018
31	 Ga+         	69.72	20.51514
31	 Ga++        	69.72	30.726
32	 Ge           	72.59	7.899435
32	 Ge+         	72.59	15.93461
32	 Ge++        	72.59	34.0576
33	 As           	74.922	9.789
33	 As+         	74.922	18.5892
33	 As++        	74.922	28.349
34	 Se           	78.96	9.752392
34	 Se+         	78.96	21.196
34	 Se++        	78.96	31.697
35	 Br           	79.904	11.81381
35	 Br+         	79.904	21.591
35	 Br++        	79.904	35
36	 Kr           	83.8	13.9996049
36	 Kr+         	83.8	24.35984
36	 Kr++        	83.8	35.67
37	 Rb           	85.468	4.177128
37	 Rb+         	85.468	27.28954
37	 Rb++        	85.468	39.247
38	 Sr           	87.62	5.6948672
38	 Sr+         	87.62	11.030276
38	 Sr++        	87.62	42.88353
39	 Y            	88.906	6.21726
39	 Y+          	88.906	12.224
39	 Y++         	88.906	20.52441
40	 Zr           	91.22	6.6339
40	 Zr+         	91.22	13.13
40	 Zr++        	91.22	23.17
41	 Nb           	92.906	6.75885
41	 Nb+         	92.906	14.32
41	 Nb++        	92.906	25
42	 Mo           	95.94	7.09243
42	 Mo+         	95.94	16.16
42	 Mo++        	95.94	27.13
43	 Tc           	98.906	7.119381
43	 Tc+         	98.906	15.26
43	 Tc++        	98.906	29.55
44	 Ru           	101.07	7.3605
44	 Ru+         	101.07	16.76
44	 Ru++        	101.07	28.47
45	 Rh           	102.9	7.4589
45	 Rh+         	102.9	18.08
45	 Rh++        	102.9	31.06
46	 Pd           	106.4	8.33686
46	 Pd+         	106.4	19.43
46	 Pd++        	106.4	32.93
47	 Ag           	107.86	7.576234
47	 Ag+         	107.86	21.4844
47	 Ag++        	107.86	34.83
48	 Cd           	112.4	8.993822
48	 Cd+         	112.4	16.908312
48	 Cd++        	112.4	37.47
49	 In          	114.82	5.7863552
49	 In+         	114.82	18.870407
49	 In++        	114.82	28.04415
50	 Sn    	118.69	7.343917
50	 Sn+         	118.69	14.63224
50	 Sn++        	118.69	30.50259
51	 Sb     	121.75	8.608389
51	 Sb+         	121.75	16.63
51	 Sb++        	121.75	25.3235
52	 Te     	127.6	9.00966
52	 Te+         	127.6	19
52	 Te++        	127.6	27.838
53	 I    	126.9	10.45126
53	 I+          	126.9	19.13126
53	 I++         	126.9	29.57
54	 Xe I          	131.3	12.1298431
54	 Xe+         	131.3	20.975
54	 Xe++        	131.3	31.05
55	 Cs            	132.9	3.893905548
55	 Cs+         	132.9	23.15745
55	 Cs++        	132.9	33.195
56	 Ba            	137.34	5.211664
56	 Ba+         	137.34	10.003826
56	 Ba++        	137.34	35.84
57	 La            	138.9	5.5769
57	 La+         	138.9	11.18492
57	 La++        	138.9	19.1773
58	 Ce            	140.12	5.5386
58	 Ce+         	140.12	10.85
58	 Ce++        	140.12	20.1974
59	 Pr            	140.9	5.473
59	 Pr+         	140.9	10.55
59	 Pr++        	140.9	21.6237
60	 Nd            	144.24	5.525
60	 Nd+         	144.24	10.72
60	 Nd++        	144.24	22.14
61	 Pm            	146	5.582
61	 Pm+         	146	10.9
61	 Pm++        	146	22
62	 Sm            	150.4	5.64371
62	 Sm+         	150.4	11.07
62	 Sm++        	150.4	23.4
63	 Eu            	151.96	5.670385
63	 Eu+         	151.96	11.241
63	 Eu++        	151.96	24.9
64	 Gd            	157.25	6.149796
64	 Gd+         	157.25	12.09
64	 Gd++        	157.25	20.63
65	 Tb            	158.92	5.8638
65	 Tb+         	158.92	11.52
65	 Tb++        	158.92	21.91
66	 Dy            	162.5	5.93905
66	 Dy+         	162.5	11.67
66	 Dy++        	162.5	22.93
67	 Ho            	164.93	6.0215
67	 Ho+         	164.93	11.8
67	 Ho++        	164.93	22.84
68	 Er            	167.26	6.1077
68	 Er+         	167.26	11.93
68	 Er++        	167.26	22.74
69	 Tm            	168.93	6.18431
69	 Tm+         	168.93	12.05
69	 Tm++        	168.93	23.7
70	 Yb            	170.04	6.25416
70	 Yb+         	170.04	12.179184
70	 Yb++        	170.04	25.053
71	 Lu            	174.97	5.425871
71	 Lu+         	174.97	13.9
71	 Lu++        	174.97	20.9551
72	 Hf            	178.49	6.82507
72	 Hf+         	178.49	15
72	 Hf++        	178.49	23.28
73	 Ta            	180.94	7.54957
73	 Ta+         	180.94	16.2
73	 Ta++        	180.94	23.1
74	 W             	183.85	7.86403
74	 W+          	183.85	16.4
74	 W++         	183.85	26.02
75	 Re            	186.2	7.83352
75	 Re+         	186.2	16.6
75	 Re++        	186.2	27
76	 Os            	190.2	8.43823
76	 Os+         	190.2	17
76	 Os++        	190.2	25
77	  Ir            	192.2	8.96702
77	 Ir+         	192.2	17
77	 Ir++        	192.2	28
78	 Pt    	195.09	8.95883
78	 Pt+         	195.09	18.56
78	 Pt++        	195.09	29
79	 Au            	196.96	9.225553
79	 Au+         	196.96	20.203
79	 Au++        	196.96	30
80	 Hg            	200.59	10.437504
80	 Hg+         	200.59	18.75687
80	 Hg++        	200.59	34.46
81	 Tl            	204.37	6.108287
81	 Tl+         	204.37	20.4283
81	 Tl++        	204.37	29.852
82	 Pb            	207.19	7.4166796
82	 Pb+         	207.19	15.032498
82	 Pb++        	207.19	31.9373
83	 Bi            	208.98	7.285516
83	 Bi+         	208.98	16.703
83	 Bi++        	208.98	25.563
84	 Po            	210	8.414
84	 Po+         	210	19.3
84	 Po++        	210	27
85	 At            	210	9.31751
85	 At+         	210	17.88
85	 At++        	210	26.58
86	 Rn            	222	10.7485
86	 Rn+         	222	21.4
86	 Rn++        	222	29.4
87	 Fr            	223	4.0727409
87	 Fr+         	223	22.4
87	 Fr++        	223	33
88	 Ra            	226.02	5.278424
88	 Ra+         	226.02	10.147153
88	 Ra++        	226.02	31
89	 Ac            	227	5.380226
89	 Ac+         	227	11.75
89	 Ac++        	227	17.431
90	 Th            	232.03	6.3067
90	 Th+         	232.03	11.9
90	 Th++        	232.03	18.32
91	 Pa            	230.04	5.89
91	 Pa+         	230.04	11.9
91	 Pa++        	230.04	19
92	 U             	227	6.19405
92	 U+          	227	11.59
92	 U++         	227	19.8
