#
#TABLE 12
#VALIIIC (Vernazza, Avrett, and Loeser 1981 ApJS 45,635)
#
# h     m     tau_500     T     V     n_H     n_e     Ptotal  Pgas/Ptotal  rho
#(km) (g cm )            (K)  (km/s) (cm^-3) (cm^-3) (dyn cm^-2)          (g cm^-3)
2543 5.257e-06  0.       447000 11.28 1.005e+09 1.205e+09 1.440e-01 0.9896 2.349e-15
2298 5.365e-06 3.712e-08 141000 9.87  3.205e+09 3.839e+09 1.470e-01 0.9752 7.494e-15
2290 5.373e-06 3.969e-08 89100  9.82  5.041e+09 5.961e+09 1.472e-01 0.9614 1.179e-14
2280 5.389e-06 4.491e-08 50000  9.76  9.038e+09 9.993e+09 1.477e-01 0.9318 2.113e-14
2274 5.404e-06 4.952e-08 37000  9.73  1.201e+10 1.318e+10 1.481e-01 0.9102 2.808e-14
2271 5.413e-06 5.234e-08 32000  9.71  1.378e+10 1.498e+10 1.483e-01 0.8976 3.222e-14
2267 5.427e-06 5.657e-08 28000  9.70  1.567e+10 1.677e+10 1.487e-01 0.8840 3.665e-14
2263 5.443e-06 6.124e-08 25500  9.68  1.718e+10 1.812e+10 1.491e-01 0.8738 4.017e-14
2255 5.476e-06 7.110e-08 24500  9.64  1.797e+10 1.881e+10 1.500e-01 0.8698 4.203e-14
2230 5.583e-06 1.030e-07 24200  9.49  1.862e+10 1.943e+10 1.530e-01 0.8718 4.355e-14
2200 5.716e-06 1.426e-07 24000  9.33  1.932e+10 2.009e+10 1.566e-01 0.8645 4.517e-14
2160 5.902e-06 1.977e-07 23500  9.08  2.051e+10 2.120e+10 1.617e-01 0.8778 4.795e-14
2129 6.055e-06 2.427e-07 23000  8.87  2.163e+10 2.219e+10 1.659e-01 0.8801 5.058e-14
2120 6.101e-06 2.562e-07 22500  8.81  2.231e+10 2.276e+10 1.672e-01 0.8789 5.216e-14
2115 6.128e-06 2.640e-07 21000  8.78  2.403e+10 2.402e+10 1.679e-01 0.8710 5.619e-14
2113 6.140e-06 2.674e-07 18500  8.77  2.732e+10 2.620e+10 1.682e-01 0.8539 6.390e-14
2109 6.172e-06 2.754e-07 12300  8.74  4.092e+10 3.306e+10 1.691e-01 0.7839 9.569e-14
2107 6.193e-06 2.801e-07 10700  8.72  4.673e+10 3.535e+10 1.697e-01 0.7552 1.093e-13
2104 6.228e-06 2.877e-07 9500   8.71  5.239e+10 3.705e+10 1.706e-01 0.7277 1.225e-13
2090 6.416e-06 3.243e-07 8440   8.60  6.127e+10 3.799e+10 1.758e-01 0.6986 1.433e-13
2080 6.564e-06 3.507e-07 8180   8.55  6.541e+10 3.780e+10 1.798e-01 0.6891 1.530e-13
2070 6.722e-06 3.770e-07 7940   8.50  6.960e+10 3.783e+10 1.842e-01 0.6808 1.628e-13
2050 7.066e-06 4.299e-07 7660   8.42  7.705e+10 3.792e+10 1.936e-01 0.6701 1.802e-13
2016 7.732e-06 5.203e-07 7360   8.22  9.075e+10 3.811e+10 2.118e-01 0.6616 2.122e-13
1990 8.322e-06 5.903e-07 7160   8.01  1.033e+11 3.858e+10 2.280e-01 0.6600 2.417e-13
1925 1.015e-05 7.717e-07 6940   7.63  1.380e+11 4.028e+10 2.780e-01 0.6620 3.227e-13
1785 1.647e-05 1.212e-06 6630   6.92  2.601e+11 4.771e+10 4.511e-01 0.6772 6.082e-13
1605 3.407e-05 1.958e-06 6440   5.85  6.386e+11 6.005e+10 9.334e-01 0.7262 1.493e-12
1515 5.144e-05 2.420e-06 6370   5.26  1.048e+12 6.456e+10 1.409e+00 0.7595 2.450e-12
1380 1.012e-04 3.286e-06 6280   4.51  2.273e+12 7.600e+10 2.774e+00 0.8051 5.315e-12
1280 1.747e-04 4.084e-06 6220   3.92  4.200e+12 7.486e+10 4.786e+00 0.8423 9.822e-12
1180 3.112e-04 5.075e-06 6150   3.48  7.865e+12 8.108e+10 8.527e+00 0.8694 1.839e-11
1065 6.299e-04 6.861e-06 6040   2.73  1.711e+13 9.349e+10 1.726e+01 0.9136 4.000e-11
980  1.098e-03 9.148e-06 5925   2.14  3.147e+13 1.041e+11 3.008e+01 0.9440 7.359e-11
905  1.840e-03 1.239e-05 5755   1.70  5.546e+13 1.049e+11 5.043e+01 0.9628 1.297e-10
855  2.632e-03 1.553e-05 5650   1.53  8.135e+13 1.064e+11 7.210e+01 0.9691 1.902e-10
755  5.577e-03 2.537e-05 5280   1.23  1.864e+14 8.838e+10 1.528e+02 0.9784 4.358e-10
705  8.333e-03 3.288e-05 5030   1.09  2.935e+14 7.664e+10 2.283e+02 0.9821 6.864e-10
655  1.276e-02 4.452e-05 4730   0.96  4.794e+14 8.085e+10 3.495e+02 0.9852 1.121e-09
605  2.013e-02 7.022e-05 4420   0.83  8.119e+14 1.112e+11 5.516e+02 0.9881 1.899e-09
555  3.270e-02 1.456e-04 4230   0.70  1.382e+15 1.733e+11 8.958e+02 0.9912 3.232e-09
515  4.878e-02 3.014e-04 4170   0.60  2.096e+15 2.495e+11 1.336e+03 0.9934 4.902e-09
450  9.378e-02 1.017e-03 4220   0.53  3.989e+15 4.516e+11 2.569e+03 0.9949 9.327e-09
350  2.481e-01 5.626e-03 4465   0.52  9.979e+15 1.110e+12 6.798e+03 0.9954 2.334e-08
250  6.172e-01 2.670e-02 4780   0.63  2.315e+16 2.674e+12 1.691e+04 0.9936 5.413e-08
150  1.433e+00 1.117e-01 5180   1.00  4.917e+16 6.476e+12 3.926e+04 0.9854 1.150e-07
100  2.118e+00 2.201e-01 5455   1.20  6.866e+16 1.066e+13 5.804e+04 0.9801 1.606e-07
50   3.056e+00 4.395e-01 5840   1.40  9.203e+16 2.122e+13 8.274e+04 0.9748 2.152e-07
0    4.279e+00 9.953e-01 6420   1.60  1.166e+17 6.433e+13 1.172e+05 0.9702 2.727e-07
-25  4.991e+00 1.683e+00 6910   1.70  1.261e+17 1.547e+14 1.368e+05 0.9688 2.949e-07
-50  5.747e+00 3.338e+00 7610   1.76  1.317e+17 4.645e+14 1.575e+05 0.9697 3.080e-07
-75  6.534e+00 7.445e+00 8320   1.80  1.365e+17 1.204e+15 1.790e+05 0.9711 3.192e-07
